name: IA
channels:
  - conda-forge
  - defaults
dependencies:
  - asttokens=3.0.0=pyhd8ed1ab_1
  - bzip2=1.0.8=h2bbff1b_6
  - ca-certificates=2025.11.4=haa95532_0
  - colorama=0.4.6=pyhd8ed1ab_1
  - comm=0.2.3=pyhe01879c_0
  - debugpy=1.8.17=py310h699e580_0
  - decorator=5.2.1=pyhd8ed1ab_0
  - exceptiongroup=1.3.0=pyhd8ed1ab_0
  - executing=2.2.1=pyhd8ed1ab_0
  - expat=2.7.3=h9214b88_0
  - importlib-metadata=8.7.0=pyhe01879c_1
  - ipykernel=7.1.0=pyh6dadd2b_0
  - ipython=8.37.0=pyha7b4d00_0
  - jedi=0.19.2=pyhd8ed1ab_1
  - jupyter_client=8.6.3=pyhd8ed1ab_1
  - jupyter_core=5.9.1=pyh6dadd2b_0
  - krb5=1.21.3=hdf4eb48_0
  - libffi=3.4.4=hd77b12b_1
  - libsodium=1.0.20=hc70643c_0
  - libzlib=1.3.1=h02ab6af_0
  - matplotlib-inline=0.2.1=pyhd8ed1ab_0
  - nest-asyncio=1.6.0=pyhd8ed1ab_1
  - openssl=3.5.4=h725018a_0
  - packaging=25.0=pyh29332c3_1
  - parso=0.8.5=pyhcf101f3_0
  - pickleshare=0.7.5=pyhd8ed1ab_1004
  - pip=25.2=pyhc872135_1
  - platformdirs=4.5.0=pyhcf101f3_0
  - prompt-toolkit=3.0.52=pyha770c72_0
  - psutil=7.1.3=py310h1637853_0
  - pure_eval=0.2.3=pyhd8ed1ab_1
  - pygments=2.19.2=pyhd8ed1ab_0
  - python=3.10.19=h981015d_0
  - python-dateutil=2.9.0.post0=pyhe01879c_2
  - python_abi=3.10=2_cp310
  - pywin32=311=py310h282bd7d_1
  - pyzmq=27.1.0=py310h535538e_0
  - setuptools=80.9.0=py310haa95532_0
  - six=1.17.0=pyhe01879c_1
  - sqlite=3.50.2=hda9a48d_1
  - stack_data=0.6.3=pyhd8ed1ab_1
  - tk=8.6.15=hf199647_0
  - tornado=6.5.2=py310h29418f3_1
  - traitlets=5.14.3=pyhd8ed1ab_1
  - typing_extensions=4.15.0=pyhcf101f3_0
  - ucrt=10.0.22621.0=haa95532_0
  - vc=14.3=h2df5915_10
  - vc14_runtime=14.44.35208=h4927774_10
  - vs2015_runtime=14.44.35208=ha6b5a95_10
  - wcwidth=0.2.14=pyhd8ed1ab_0
  - wheel=0.45.1=py310haa95532_0
  - xz=5.6.4=h4754444_1
  - zeromq=4.3.5=h5bddc39_9
  - zipp=3.23.0=pyhd8ed1ab_0
  - zlib=1.3.1=h02ab6af_0
  - pip:
      - accelerate==1.11.0
      - aiohappyeyeballs==2.6.1
      - aiohttp==3.13.2
      - aiosignal==1.4.0
      - anyio==4.11.0
      - args==0.1.0
      - async-timeout==5.0.1
      - attrs==25.4.0
      - braceexpand==0.1.7
      - certifi==2025.10.5
      - charset-normalizer==3.4.4
      - click==8.3.0
      - clint==0.5.1
      - clip==1.0
      - contourpy==1.3.2
      - cycler==0.12.1
      - datasets==4.4.1
      - diffusers==0.35.2
      - dill==0.4.0
      - einops==0.8.1
      - fairscale==0.4.13
      - filelock==3.20.0
      - fonttools==4.60.1
      - frozenlist==1.8.0
      - fsspec==2025.10.0
      - ftfy==6.1.1
      - git-lfs==1.6
      - h11==0.16.0
      - hf-xet==1.2.0
      - hpsv2==1.2.0
      - httpcore==1.0.9
      - httpx==0.28.1
      - huggingface-hub==0.36.0
      - idna==3.11
      - image-reward==1.5
      - iniconfig==2.3.0
      - jinja2==3.1.6
      - kiwisolver==1.4.9
      - markupsafe==3.0.3
      - matplotlib==3.10.7
      - mpmath==1.3.0
      - multidict==6.7.0
      - multiprocess==0.70.18
      - networkx==3.4.2
      - numpy==1.23.5
      - open-clip-torch==3.2.0
      - pandas==2.3.3
      - peft==0.17.1
      - pillow==10.3.0
      - pluggy==1.6.0
      - propcache==0.4.1
      - protobuf==3.20.3
      - pyarrow==22.0.0
      - pyparsing==3.2.5
      - pytest==7.2.0
      - pytest-split==0.8.0
      - pytz==2025.2
      - pyyaml==6.0.3
      - regex==2023.12.25
      - requests==2.32.5
      - safetensors==0.6.2
      - sentencepiece==0.2.1
      - shellingham==1.5.4
      - sniffio==1.3.1
      - sympy==1.14.0
      - timm==1.0.17
      - tokenizers==0.22.1
      - tomli==2.3.0
      - torch==2.7.1+cu118
      - torchaudio==2.7.1+cu118
      - torchvision==0.22.1+cu118
      - tqdm==4.67.1
      - transformers==4.57.1
      - typer-slim==0.20.0
      - tzdata==2025.2
      - urllib3==2.5.0
      - webdataset==1.0.2
      - xxhash==3.6.0
      - yarl==1.22.0
prefix: C:\Users\Lab Datos\miniconda3\envs\IA
